y<-3
y